chrenovska 230 230 230 110
krizna_1 100 230 110 230
krizna_2 110 230 190 230
krizna_3 190 230 230 230
zelena 180 110 230 110
modra 100 230 100 180
fialova 100 180 180 110
prazena 230 110 230 60
severna 230 60 50 60
dobogan_1 50 100 50 180
dobogan_2 50 60 50 100
spojna 50 180 100 180
bengoro 50 180 100 230
dobra 110 230 110 300
marianska 190 230 170 300
koleso_1 100 300 110 300
koleso_2 170 300 110 300
lesna 170 300 170 360
prava 170 360 220 400
lava 170 360 120 380
masna 230 110 280 110
uholna 280 110 230 230
heso 280 110 280 60
blazena 280 60 230 60
sumracna 280 110 280 350
ranna 280 350 170 360
drisliak 280 350 170 300
jankovska 50 100 30 100
lidlova 30 100 30 40
dlha 30 40 280 40
javorova 280 40 280 60
martinska 30 230 30 100
maticna 30 230 100 230
kotolna 100 230 100 300
vodna 100 300 120 380
kriva 40 300 30 230
nivy 40 300 100 300
sedlacka 40 300 40 350
